
caso 2 - threshold 127

saida esperada

2       0
5       0
6       0
7       0
10      0
11      0
14      0
15      0
1       33
9       127
13      2644
16      3381
3       3724
12      4786
8       8766
4       15796

2	0
5	0
6	0
7	0
8	0  <
9	0  <
10	0
11	0
12	0  <
13	0  <
14	0
15	0
16	0  <
1	33
3	3724
4	15796


1 2 3 4			1 2 3 4 1 2 3 4 1 2 3 4 1 2 3 4
1 2 3 4
1 2 3 4
1 2 3 4

1 2 3 4 	5 6 7 8 	9 10 11 12    13 14 15 16
1 2 3 4 	5 6 7 8 	9 10 11 12    13 14 15 16
1 2 3 4 	5 6 7 8 	9 10 11 12    13 14 15 16
1 2 3 4 	5 6 7 8 	9 10 11 12    13 14 15 16

1 2 3 4 	5 6 7 8 	9 10 11 12    13 14 15 16
1 2 3 4 	5 6 7 8 	9 10 11 12    13 14 15 16
1 2 3 4 	5 6 7 8 	9 10 11 12    13 14 15 16
1 2 3 4 	5 6 7 8 	9 10 11 12    13 14 15 16

1 2 3 4 	5 6 7 8 	9 10 11 12    13 14 15 16
1 2 3 4 	5 6 7 8 	9 10 11 12    13 14 15 16
1 2 3 4 	5 6 7 8 	9 10 11 12    13 14 15 16
1 2 3 4 	5 6 7 8 	9 10 11 12    13 14 15 16

1 2 3 4 	5 6 7 8 	9 10 11 12    13 14 15 16
1 2 3 4 	5 6 7 8 	9 10 11 12    13 14 15 16
1 2 3 4 	5 6 7 8 	9 10 11 12    13 14 15 16
1 2 3 4 	5 6 7 8 	9 10 11 12    13 14 15 16





4*4=16   (16-4)+1=12
		((width*height)-width)+1 == ultimo termo da penultima linha

8*8=64   64-8+1=57    

Fiz uma struct pras subimagens
Com ID e número de zeros

typedef struct{
	int id=0;
	int nroZeros=0;
}Subimagem;

Subimagem subimagem;
